1107.0
1107.0
1107.0
1107.0
1107.0
1107.0
1107.0
1107.0
1107.0
1107.0
1107.0
1107.0
1107.0
1107.0
1107.0
1107.0
1107.0
1107.0
1107.0
1107.0
1107.0
1107.0
1107.0
1107.0
1107.0
1107.0
1107.0
1107.0
1107.0
1107.0
1107.0
1107.0
1107.0
1107.0
1107.0
1107.0
1107.0
1107.0
1107.0
1107.0
1107.0
1107.0
1107.0
1107.0
1107.0
1107.0
1107.0
1107.0
1107.0
1107.0
1107.0
1107.0
1107.0
1107.0
1107.0
1107.0
1107.0
1107.0
1107.0
1107.0
1107.0
1107.0
1107.0
1107.0
1107.0
1107.0
1107.0
1107.0
1107.0
1107.0
1107.0
1107.0
1107.0
1107.0
1107.0
1107.0
1107.0
1107.0
1107.0
1107.0
1107.0
1107.0
1107.0
1107.0
1107.0
1107.0
1107.0
1107.0
1107.0
1107.0
1107.0
1107.0
1107.0
1107.0
1107.0
