49430.0
49462.0
49519.0
49523.0
49538.0
49540.0
49613.0
50562.0
58276.0
59004.0
62398.0
62400.0
62848.0
62908.0
68489.0
68490.0
73047.0
73107.0
74949.0
75003.0
77270.0
77625.0
78326.0
82978.0
83208.0
83221.0
83457.0
83458.0
84352.0
84635.0
85451.0
85454.0
85499.0
85611.0
85666.0
85669.0
85673.0
86040.0
86041.0
86047.0
86152.0
86850.0
86860.0
87314.0
87555.0
87686.0
87794.0
87801.0
87966.0
87975.0
88353.0
88617.0
88667.0
89062.0
91224.0
91248.0
91255.0
91262.0
91269.0
91274.0
91293.0
91295.0
91300.0
91306.0
91310.0
91319.0
91338.0
91348.0
91367.0
91401.0
91402.0
91405.0
91888.0
91930.0
91932.0
92706.0
92736.0
92738.0
92758.0
92840.0
92862.0
92887.0
92902.0
92911.0
93021.0
93060.0
93061.0
93063.0
93089.0
93092.0
94804.0
94927.0
95786.0
96132.0
96395.0
96434.0
96466.0
96725.0
96756.0
96778.0
96858.0
96860.0
97627.0
97804.0
104332.0
104344.0
104395.0
104398.0
104945.0
105456.0
105477.0
105478.0
105481.0
105984.0
106951.0
106952.0
113086.0
113087.0
113089.0
113090.0
113091.0
113092.0
113093.0
157326.0
157329.0
157331.0
157333.0
157336.0
157337.0
157342.0
157344.0
157346.0
159383.0
159384.0
159385.0
159386.0
159387.0
159388.0
159389.0
159390.0
159392.0
159395.0
159398.0
159399.0
159400.0
159401.0
180238.0
180274.0
180297.0
180300.0
180302.0
180469.0
180472.0
180477.0
180480.0
180484.0
180493.0
180495.0
180496.0
180519.0
180521.0
180620.0
180622.0
180626.0
180635.0
180864.0
180881.0
180890.0
180938.0
180940.0
180953.0
180957.0
180963.0
180966.0
180969.0
180970.0
180976.0
180978.0
180982.0
180984.0
180987.0
180989.0
180992.0
181497.0
181502.0
181505.0
181507.0
181508.0
181518.0
181520.0
181524.0
181529.0
181530.0
181531.0
181533.0
181923.0
181925.0
181929.0
181936.0
181970.0
181983.0
181999.0
182034.0
182166.0
182167.0
182168.0
182169.0
182209.0
182212.0
182214.0
182219.0
182227.0
182241.0
182249.0
182253.0
183480.0
186528.0
186536.0
186631.0
186650.0
186680.0
186688.0
186697.0
186700.0
186708.0
186710.0
186735.0
186748.0
186751.0
186752.0
186863.0
186864.0
186961.0
187018.0
187029.0
187330.0
187371.0
187380.0
187399.0
187661.0
188058.0
188060.0
188063.0
188066.0
188067.0
188069.0
188074.0
188085.0
188088.0
188090.0
188092.0
188093.0
188095.0
188114.0
188200.0
188304.0
188306.0
188429.0
188430.0
188434.0
188459.0
188536.0
188550.0
188638.0
188671.0
188672.0
188689.0
188693.0
188695.0
188698.0
188699.0
188700.0
188854.0
188878.0
188971.0
189080.0
189081.0
189086.0
189094.0
189108.0
189565.0
189764.0
189769.0
189772.0
189894.0
190374.0
190376.0
190614.0
190689.0
190734.0
190775.0
190793.0
190800.0
190801.0
190823.0
190833.0
191136.0
191251.0
191880.0
192086.0
192120.0
192126.0
192130.0
193242.0
193781.0
193783.0
193874.0
193875.0
193876.0
193962.0
193986.0
193987.0
194043.0
194048.0
194054.0
194676.0
195919.0
195935.0
195940.0
195941.0
195943.0
196457.0
196458.0
196461.0
196464.0
196465.0
196468.0
196470.0
196472.0
196474.0
196698.0
196706.0
196732.0
196772.0
196780.0
196782.0
196787.0
196791.0
196878.0
196882.0
196884.0
196886.0
196896.0
196906.0
197617.0
197774.0
197825.0
197863.0
197880.0
197897.0
197913.0
197921.0
197922.0
197980.0
198095.0
198126.0
198127.0
198177.0
198191.0
198200.0
198230.0
198270.0
198426.0
198436.0
198438.0
198496.0
199016.0
199048.0
199049.0
199052.0
199055.0
199063.0
199069.0
199074.0
199075.0
199077.0
199081.0
199082.0
199083.0
199278.0
199405.0
199412.0
199451.0
199602.0
199603.0
200062.0
200079.0
200147.0
200149.0
200150.0
200151.0
200166.0
200167.0
200168.0
200169.0
200170.0
200171.0
200172.0
200173.0
200362.0
200396.0
200401.0
200428.0
200435.0
200460.0
201209.0
201241.0
201402.0
201406.0
201506.0
201898.0
201899.0
205227.0
205258.0
205323.0
205326.0
205335.0
205430.0
205433.0
205460.0
205488.0
205566.0
205575.0
205576.0
206041.0
208180.0
208550.0
208552.0
208554.0
208556.0
208557.0
208560.0
208561.0
208562.0
208563.0
208565.0
208661.0
208700.0
208801.0
208805.0
209244.0
209721.0
210291.0
210292.0
210589.0
210666.0
210668.0
210675.0
211448.0
211486.0
211502.0
211767.0
213160.0
213833.0
213836.0
213843.0
213845.0
213849.0
213852.0
213856.0
213913.0
213941.0
213942.0
213996.0
213998.0
214000.0
214005.0
214006.0
214009.0
214091.0
214106.0
214131.0
214186.0
214625.0
214627.0
214630.0
214634.0
214682.0
214687.0
214708.0
214711.0
214718.0
214778.0
214779.0
214782.0
214846.0
214875.0
214920.0
216500.0
216956.0
216962.0
217854.0
217857.0
219380.0
219515.0
219653.0
219798.0
219818.0
219898.0
219910.0
220059.0
220552.0
221746.0
221932.0
223315.0
224456.0
224458.0
230899.0
230901.0
230902.0
230903.0
230904.0
230905.0
234641.0
237807.0
242055.0
242058.0
242063.0
242069.0
242466.0
242471.0
242514.0
243644.0
244473.0
244507.0
244572.0
244600.0
244609.0
244617.0
244999.0
245000.0
245382.0
245798.0
245876.0
274712.0
274713.0
274715.0
279748.0
286412.0
304738.0
304739.0
304744.0
304745.0
327876.0
330790.0
330794.0
330798.0
330904.0
330906.0
330922.0
332162.0
332163.0
332166.0
332416.0
334367.0
334832.0
334880.0
335031.0
335053.0
335055.0
335056.0
335059.0
335231.0
335299.0
335313.0
335321.0
335322.0
335323.0
337045.0
337441.0
338979.0
340242.0
340460.0
351369.0
351371.0
351636.0
351646.0
351698.0
351827.0
352375.0
352558.0
352559.0
352563.0
354172.0
354186.0
360582.0
362812.0
362853.0
363009.0
364146.0
364149.0
364154.0
364158.0
364172.0
364177.0
365708.0
366762.0
366764.0
369873.0
369875.0
369876.0
369877.0
370216.0
371441.0
371443.0
372420.0
373614.0
373619.0
374123.0
376044.0
376069.0
376072.0
378356.0
383949.0
383958.0
385516.0
385541.0
385720.0
385721.0
385745.0
386615.0
386695.0
386737.0
386739.0
386832.0
386840.0
386870.0
387107.0
387508.0
388002.0
389187.0
389189.0
389191.0
390238.0
390661.0
390691.0
390908.0
390909.0
393857.0
393871.0
394387.0
394529.0
395269.0
395270.0
395271.0
395273.0
395477.0
397553.0
398367.0
398960.0
398961.0
399289.0
399455.0
403346.0
405637.0
406123.0
410106.0
412007.0
412009.0
412034.0
412035.0
412088.0
412582.0
412731.0
412789.0
412790.0
413075.0
413087.0
416555.0
417802.0
417898.0
418105.0
418345.0
423048.0
423050.0
423071.0
423079.0
423503.0
423504.0
423505.0
423506.0
423508.0
423511.0
423512.0
424569.0
424826.0
425068.0
426375.0
426468.0
426835.0
428006.0
428981.0
429240.0
429582.0
429590.0
430982.0
434766.0
435034.0
435592.0
435846.0
436258.0
438101.0
439426.0
442038.0
442073.0
442247.0
442249.0
442250.0
442257.0
448916.0
448928.0
448941.0
449708.0
449938.0
449985.0
451899.0
452200.0
452201.0
452202.0
452204.0
452205.0
453261.0
453262.0
453603.0
453614.0
454741.0
455166.0
455219.0
455416.0
455476.0
455493.0
455495.0
455931.0
456290.0
456708.0
457242.0
457244.0
457409.0
457728.0
457742.0
457786.0
457790.0
457795.0
458209.0
458212.0
458222.0
459014.0
459028.0
460358.0
460360.0
460536.0
460549.0
460641.0
460656.0
460686.0
460689.0
462312.0
463148.0
463149.0
463156.0
463859.0
464230.0
467961.0
